Sam-Wildmans-MacBook-Pro:EC Sam$ ./Compile -l -a -v

29 2 x 17 2 y 18 30 2 foo 15 2 w 16 18 21 2 w 20 2 w 6 2 w 6 2 w 18 2 return 20 2 w 18 22 18 21 2 x 20 3 5 18 2 y 20 27 2 foo 15 2 x 16 18 31 2 y 18 22 19 

No errors, program is syntactically correct.

7 0 12
7 0 2
6 0 5
3 0 4
3 0 4
2 0 4
3 0 4
2 0 4
4 0 4
3 0 4
4 0 0
2 0 0
6 0 6
1 0 5
4 0 4
3 0 4
4 0 10
5 0 1
6 0 1
4 0 5
3 0 5
9 0 0
2 0 0

Output:
125

Line   OP   L    M    
   0  JMP   0    12   
   1  JMP   0    2    
   2  INC   0    5    
   3  LOD   0    4    
   4  LOD   0    4    
   5  MUL   0    4    
   6  LOD   0    4    
   7  MUL   0    4    
   8  STO   0    4    
   9  LOD   0    4    
  10  STO   0    0    
  11  OPR   0    0    
  12  INC   0    6    
  13  LIT   0    5    
  14  STO   0    4    
  15  LOD   0    4    
  16  STO   0    10   
  17  CAL   0    1    
  18  INC   0    1    
  19  STO   0    5    
  20  LOD   0    5    
  21  OUT   0    0    
  22  OPR   0    0    


                    pc   bp   sp   stack
Initial Values      0    0    -1   
 0   JMP  0    12   12   0    -1   
12   INC  0    6    13   0    5    0 0 0 0 0 0 
13   LIT  0    5    14   0    6    0 0 0 0 0 0 5 
14   STO  0    4    15   0    5    0 0 0 0 5 0 
15   LOD  0    4    16   0    6    0 0 0 0 5 0 5 
16   STO  0    10   17   0    5    0 0 0 0 5 0 
17   CAL  0    1    1    6    5    0 0 0 0 5 0 
 1   JMP  0    2    2    6    5    0 0 0 0 5 0 
 2   INC  0    5    3    6    10   0 0 0 0 5 0 | 5 0 0 18 5 
 3   LOD  0    4    4    6    11   0 0 0 0 5 0 | 5 0 0 18 5 5 
 4   LOD  0    4    5    6    12   0 0 0 0 5 0 | 5 0 0 18 5 5 5 
 5   MUL  0    4    6    6    11   0 0 0 0 5 0 | 5 0 0 18 5 25 
 6   LOD  0    4    7    6    12   0 0 0 0 5 0 | 5 0 0 18 5 25 5 
 7   MUL  0    4    8    6    11   0 0 0 0 5 0 | 5 0 0 18 5 125 
 8   STO  0    4    9    6    10   0 0 0 0 5 0 | 5 0 0 18 125 
 9   LOD  0    4    10   6    11   0 0 0 0 5 0 | 5 0 0 18 125 125 
10   STO  0    0    11   6    10   0 0 0 0 5 0 | 125 0 0 18 125 
11   OPR  0    0    18   0    5    0 0 0 0 5 0 
18   INC  0    1    19   0    6    0 0 0 0 5 0 125 
19   STO  0    5    20   0    5    0 0 0 0 5 125 
20   LOD  0    5    21   0    6    0 0 0 0 5 125 125 
21   OUT  0    0    22   0    5    0 0 0 0 5 125 
22   OPR  0    0    0    0    -1  